52 -6
30.2 -6
23.2 -6
12 -6
0.6 -6
-8 -6
-20.8 -6
-21.8 -6
-27 -6
-33.4 -6
-41 -6
-53.8 -6
-52.8 -6
-61 -6
-55.4 -6
-56 -6
-63.8 -6
-65.8 -6
-60 -6
-55.4 -6
-57 -6
-57.8 -6
-49.8 -6
-42 -6
-42.4 -6
-29 -6
-28.8 -6
-13.8 -6
-13 -6
-1.4 -6
15 -6
-7.5 -6
-5 -6
1.5 -6
1 -6
0.5 -6
-7 -6
2.5 -6
-1 -6
2.5 -6
1 -6
-0.5 1
5 -6
3.5 3
-1 -6
1.5 -6
7 -6
-0.5 7
2 8
-0.5 9
10.2054 10
12.4723 11
12.6029 12
14.0756 13
12.2849 14
19.69 15
20.9468 16
19.9924 17
21.0606 18
22.6242 19
18.2799 20
14.6015 21
12 22
22.6227 23
20.3171 24
24.6684 25
28.1008 26
31.0189 27
27.953 28
28.6745 29
35.2514 30
31.0323 31
29.5605 32
34.4411 33
31.193 34
35.1219 35
36.2451 36
31.2876 37
34.7494 38
44.0277 39
43.5647 40
