1.8e+022 214.824
4.10012e+013 198.372
2.00002e+013 193.042
1.51932e+007 192.622
2.00002e+013 189.78
8.68284e+006 189.524
2.40032e+006 187.913
1.27614e+007 188.145
3.79522e+006 187.991
8.65551e+006 188.009
7.39913e+006 187.993
2.0831e+006 187.983
6.47318e+006 188.012
1.10443e+007 187.829
6.12475e+006 188.025
2.01654e+006 187.932
2.56367e+006 182.953
656585 187.991
4.77701e+006 187.464
4.44431e+006 187.946
5.10399e+006 187.932
4.16129e+006 187.612
6.41288e+006 183.225
8.00978e+006 183.895
5.16367e+006 184.552
2e+013 183.116
8.14798e+006 182.941
1.10238e+007 183.106
1.14487e+007 187.52
1.68436e+007 183.781
1.88747e+007 182.71
1.57876e+007 182.464
1.85884e+007 182.726
6.25e+013 182.613
1e+013 182.548
4e+013 182.655
1.61396e+007 182.589
2.06963e+007 182.589
2e+013 182.562
2.69279e+007 182.452
2.86158e+007 182.539
2.88547e+007 182.452
2.6148e+007 182.556
3.40106e+007 182.562
5.82515e+007 181.389
3.07114e+007 182.529
2.87442e+007 182.458
2.98086e+007 182.509
3.36188e+007 182.534
3.11878e+007 182.3
2.59376e+007 182.109
2.49739e+007 182.151
2.5889e+007 182.123
2.12224e+007 182.129
