1e+030 198.791
2.00001e+013 198.112
2e+021 198.049
2.80001e+013 198.067
4.61219e+007 198.006
1.92794e+007 198.011
2.5918e+007 197.967
3.10799e+007 197.995
3.18384e+007 197.988
3.25902e+007 197.968
2.84342e+007 197.953
3.23261e+007 197.918
3.23018e+007 197.939
2.82897e+007 197.951
3.07179e+007 197.912
3.05846e+007 197.935
2.85596e+007 197.951
2.82688e+007 197.895
2.8354e+007 197.912
2.57196e+007 197.915
3.11524e+007 197.912
1.88473e+007 197.913
2.70216e+013 197.932
3.01289e+007 197.892
2.64498e+007 197.917
2.56281e+007 197.942
1.70312e+007 197.892
2.09787e+007 197.928
2.11965e+007 197.93
2.71603e+007 197.939
2.1745e+007 197.912
1.97126e+007 197.933
2.28234e+007 197.903
1.79965e+007 197.891
2.18083e+007 197.903
2.04346e+007 197.919
