2e+021 200.72
3.4501e+012 198.372
9.57884e+012 198.372
2e+013 198.372
2e+013 198.372
8.60019e+006 198.372
200250 198.372
1.18343e+006 198.336
200212 198.372
198.892 198.372
211.58 198.372
198.372 198.372
198.372 198.372
198.372 198.372
198.53 198.372
198.372 198.372
198.372 198.372
198.372 198.372
198.53 198.372
198.372 198.372
198.372 198.372
198.372 198.372
198.372 198.372
198.372 198.372
198.372 198.372
198.372 198.372
198.372 198.372
198.372 198.372
198.372 198.372
198.372 198.372
198.372 198.372
198.372 198.372
198.372 198.372
198.372 198.372
198.372 198.372
198.372 198.372
198.372 198.372
198.372 198.372
198.372 198.372
198.372 198.372
198.372 198.372
198.372 198.372
198.372 198.372
198.372 198.372
198.372 198.372
198.372 198.372
198.372 198.372
198.372 198.372
198.372 198.372
198.372 198.372
198.372 198.372
198.372 198.372
198.372 198.372
198.372 198.372
198.372 198.372
198.372 198.372
198.372 198.372
