2.5647e+019 218.099
2e+013 198.372
2.13334e+013 198.372
2.53335e+013 198.372
4e+013 198.372
1.00024e+006 198.37
400198 198.37
6.06627e+006 198.37
3.07872e+007 198.37
4.87076e+007 198.37
1.22639e+008 198.366
6.45793e+007 198.353
4.80302e+007 198.362
4.24856e+015 198.355
5.38164e+013 198.121
4e+013 198.121
3.9279e+007 198.075
2e+013 198.075
1.96272e+007 198.069
4e+013 198.037
1.53816e+007 198.012
4e+013 197.98
1.50487e+007 197.937
2e+013 197.928
1.35654e+007 197.926
2e+013 197.919
2e+013 197.876
2e+013 197.868
1.1483e+007 197.86
2e+013 197.86
8.00018e+006 197.862
2e+013 197.81
1.07659e+007 197.857
1.21659e+007 197.817
1.24002e+007 197.837
1.04562e+007 197.824
2e+013 197.824
1.26294e+007 197.831
1.68078e+007 197.817
1.64002e+007 197.842
1.33659e+007 197.806
1.61466e+007 197.821
1.34959e+007 197.834
2e+013 197.804
1.47135e+007 197.833
2e+013 197.772
2e+013 197.747
2e+013 197.808
1.5883e+007 197.798
1.4083e+007 197.753
1.6183e+007 197.761
1.48936e+007 197.769
1.2335e+007 197.744
1.59581e+007 197.773
1.5283e+007 197.704
1.8483e+007 197.725
1.59002e+007 197.756
1.55085e+007 197.702
1.6683e+007 197.743
1.70955e+007 197.754
1.44474e+007 197.723
1.81155e+007 197.673
1.93352e+007 197.678
1.91843e+007 197.693
1.67066e+007 197.731
1.72722e+007 197.728
2e+013 197.73
1.75302e+007 197.697
2.37615e+007 197.738
2e+013 197.688
2e+013 197.668
1.47233e+007 197.698
