6e+021 198.12
2.00332e+013 198.015
7.6e+014 198.1
1.31432e+007 198.009
2e+013 197.959
2.84092e+007 197.99
3.29927e+007 197.909
2.45235e+007 196.062
2e+013 195.897
5.00004e+012 195.797
1.33334e+013 195.797
2.76286e+007 194.328
2.36065e+007 194.247
2.31252e+007 194.221
1.52242e+007 194.118
1.74071e+007 192.304
1.81298e+007 192.172
2.50935e+007 192.055
1.98631e+007 192.04
1.36948e+007 191.904
1.93371e+007 191.888
1.62088e+007 191.56
3.0453e+007 191.694
2.27208e+007 189.322
2.05226e+007 189.188
2.56845e+007 189.215
2.47948e+007 189.551
2.78984e+007 189.254
2.48483e+007 189.281
2.42485e+007 189.204
2.33338e+007 189.692
1.71204e+007 189.621
1.95189e+007 189.831
1.44113e+007 189.281
2.09899e+007 188.767
1.68104e+007 186.841
1.7358e+007 188.295
2.22224e+012 184.837
1.92438e+007 187.962
1.65631e+007 185.972
2.19714e+007 186.141
1.18553e+007 186.006
1.44195e+007 184.089
1.47278e+007 184.179
9.52399e+011 184.344
1.40658e+007 185.694
1.68842e+007 185.002
1.63773e+007 187.959
2.00751e+007 184.224
1.47426e+007 184.397
2.05232e+007 184.19
1.71068e+007 183.973
5.55557e+012 179.479
1.46122e+007 160.356
1.77888e+007 160.324
1.71191e+007 160.24
1.23374e+007 130.696
1.9324e+007 130.076
2e+013 129.827
1.914e+007 129.708
2.34639e+007 129.239
2.50251e+007 129.392
2.24918e+007 129.296
2.07139e+007 129.388
2.16094e+007 129.262
5.00002e+012 128.716
5.00002e+012 128.748
2.5e+013 128.821
2.51898e+007 127.932
8.10649e+013 128.616
3.15252e+013 128.345
1.77522e+007 127.96
1.62233e+007 127.889
1.81907e+007 127.643
1.92156e+007 127.513
1.38405e+007 127.429
1.57885e+007 126.627
1.72482e+007 125.762
1.91247e+007 124.987
