8e+021 202.986
1.60002e+014 198.359
6e+013 198.372
4.6e+014 198.152
2.5e+013 198.008
6.70427e+006 198.008
8.40026e+006 198.008
4.59859e+007 198.008
3.80023e+006 196.378
3.069e+007 196.153
2.00031e+006 196.148
3.33559e+007 196.144
1.23975e+007 194.976
1.42717e+007 194.595
7.06931e+006 194.391
4.83261e+006 193.6
4.57974e+006 191.002
3.15545e+006 190.701
4.64527e+007 190.505
4.0834e+006 190.207
3.3889e+007 190.033
4.62148e+006 188.608
7.01383e+006 188.551
2.04008e+006 188.766
8.79182e+006 189.143
1.11729e+007 189.363
3.30534e+006 188.21
1.73459e+006 188.066
7.74294e+006 188.579
1.57982e+007 187.975
2.25533e+007 188.182
4.20023e+006 188.17
1.95641e+007 188.285
1.50541e+007 187.908
4.61999e+006 187.726
2.32688e+006 187.654
1.80528e+007 187.834
9.24339e+006 187.528
1.05047e+007 187.783
1.58496e+007 187.504
1.99283e+007 187.527
9.94325e+006 187.482
1.95655e+007 187.473
1.06177e+007 187.402
2.26795e+007 187.478
7.68795e+006 187.478
8.42236e+006 187.452
5.14955e+006 187.655
1.43685e+007 187.521
1.56608e+007 187.38
1.15954e+007 187.457
7.91248e+006 187.411
5.94339e+006 187.397
1.55888e+007 187.384
1.47742e+007 187.477
4.10474e+006 187.501
6.46153e+006 187.386
1.6e+014 187.555
2.25096e+007 187.476
7.2096e+006 187.479
2.48581e+007 187.349
