2.73333e+021 197.992
1.4e+014 197.992
2.00331e+013 197.992
2.40607e+007 196.926
1.72441e+008 196.902
2.29702e+008 196.718
2.76893e+008 195.768
1.79266e+008 191.474
2.04583e+008 188.785
2.10137e+008 188.752
5.4558e+007 188.021
3.02415e+007 177.341
5.28772e+007 177.344
1.86396e+008 177.32
1.45943e+008 177.381
1.24073e+008 177.379
8.47849e+007 177.102
1.17445e+008 176.833
8.45208e+007 176.897
8.87461e+007 176.983
5.49732e+007 177.15
1.55374e+014 176.982
8.56949e+007 177.15
3.95099e+007 177.164
7.26985e+007 177.205
4.39932e+007 177.205
7.58864e+007 177.117
3.70004e+007 171.006
1.80191e+007 171.004
8.42665e+007 170.98
3.64792e+014 170.987
1.45241e+014 171
3.06303e+007 170.994
1.08086e+014 170.999
7.63615e+007 170.983
1.58161e+008 170.988
6.40911e+007 171.005
6.64975e+007 170.999
7.18609e+007 170.999
1.02732e+008 170.995
1.31402e+008 170.985
1.22101e+008 170.997
2.84361e+007 170.992
1.78394e+008 170.985
2.96965e+007 171.005
6.14381e+007 171.006
1.15935e+008 170.993
