2.00001e+021 208.311
9.25928e+018 198.372
9.25926e+018 198.096
5.03674e+007 198.096
1.95651e+007 197.857
1.26086e+007 195.703
1.56003e+007 196.65
9.00721e+012 197.569
1.80144e+013 197.273
1.80145e+013 197.294
7.35588e+013 196.941
7.49399e+015 196.673
1.66003e+007 196.657
3.60288e+015 195.24
1.50003e+007 195.212
9.29717e+007 195.184
1.48009e+007 194.596
6.78923e+006 194.09
7.4358e+006 191.951
3.60288e+013 191.947
6.03323e+006 191.859
1.12735e+007 191.216
6.20032e+006 191.193
1.0417e+007 187.004
4.08026e+006 186.923
600256 184.609
3.20022e+006 182.288
1.98659e+007 182.192
3.98917e+006 175.451
3.37799e+006 175.465
9.53715e+007 159.483
2.60029e+006 152.067
7.2623e+006 126.598
1.00005e+007 126.575
1.02009e+007 126.574
1.01331e+013 126.641
2.23627e+014 126.57
1.1992e+014 126.548
6.60053e+006 126.567
1.75922e+014 126.508
6.64392e+006 126.594
7.45038e+006 126.501
4.00103e+006 126.491
2.00072e+006 126.585
3.60176e+006 126.509
8.40064e+006 126.564
8.80083e+006 126.62
4.00063e+006 126.564
4.20077e+006 126.505
8.9838e+006 126.551
2.80249e+006 126.6
2.80134e+006 126.609
7.20576e+013 126.504
4.00089e+006 126.555
4.36137e+006 126.563
1.18006e+007 126.626
1.87897e+010 126.603
5.20077e+006 126.538
4.60051e+006 126.516
8.09422e+010 126.501
1.34023e+007 126.513
1.34015e+007 126.501
4.40113e+006 126.609
2.24851e+010 126.508
6.40102e+006 126.497
4.58952e+006 126.6
8.03391e+006 126.673
5.60074e+006 126.511
3.80089e+006 126.574
1.4414e+006 126.534
6.24098e+006 126.545
4.8013e+006 126.488
