3.27843e+016 200.946
6.3e+015 198.372
4.3e+014 198.372
1.25882e+007 198.372
1.20002e+007 198.258
3.94555e+006 198.258
2.18938e+006 198.258
7.36682e+006 195.611
7.57438e+007 195.598
1.49609e+007 195.572
1.33335e+013 195.351
4.13781e+007 194.584
6.00001e+013 194.493
9.66966e+007 194.455
3.40927e+007 194.255
2e+013 194.069
1.46296e+007 193.422
2.00001e+013 193.379
6e+013 193.297
8.59177e+006 192.279
6.8002e+006 192.301
6.42318e+006 192.052
8.19232e+006 192.041
4.60023e+006 191.427
3.20022e+006 191.122
5.96772e+006 191.069
5.80021e+006 191.067
6.40021e+006 190.813
6.09635e+006 190.677
4.32686e+006 190.359
1.12841e+007 190.399
1.14383e+007 189.802
6.68083e+006 189.939
3.80021e+006 190.141
9.61442e+006 190.035
1.33523e+007 190.015
9.68082e+006 189.815
1.39113e+007 189.867
1.11904e+007 189.883
6.008e+006 189.846
4.51169e+006 189.727
7.77998e+006 189.65
2.54184e+006 189.679
9.39977e+006 189.397
8.31169e+006 189.461
2.34635e+006 189.455
6.49635e+006 189.538
5.45281e+006 189.492
4.40019e+006 189.517
1.55161e+007 189.484
1.93114e+007 189.332
1.34078e+007 189.309
1.79939e+007 189.262
2.33254e+007 189.386
1.69648e+007 189.254
2.4272e+007 189.237
1.77708e+007 189.301
2.85179e+007 189.246
2.49297e+007 189.27
2.01465e+007 189.293
2.38254e+007 189.222
2.66597e+007 188.998
2.06961e+007 189.15
2.22308e+007 188.912
2.44246e+007 188.982
3.10728e+007 189.016
3.17459e+007 188.797
2.50418e+007 188.981
2.61851e+007 188.53
2.80039e+007 188.616
2.16394e+007 188.446
3.14774e+007 187.732
2.29805e+007 187.581
2.34644e+007 187.432
1.80144e+013 175.895
2.84078e+007 176.588
2.62872e+007 174.303
1.99979e+007 174.484
1.98795e+007 174.196
