2e+037 208.256
3.39959e+013 198.372
1.016e+014 195.431
4.00033e+019 198.372
2e+013 196.31
1.00024e+006 197.991
4e+013 198.169
400227 198.154
3.40025e+006 198.054
1.40033e+006 198.064
1.27067e+007 198.022
1.01514e+007 197.999
1.08836e+007 197.984
1.37509e+007 197.918
1.51167e+007 197.943
1.43983e+007 197.928
1.1616e+007 197.948
1.293e+007 197.958
9.86267e+006 197.963
1.77354e+007 197.666
2.80195e+007 197.565
1.44479e+007 196.609
2.29519e+007 196.577
1.42474e+007 196.589
1.46047e+007 196.564
2.28682e+007 195.961
2.86e+007 196.022
2.7103e+007 195.925
2.34425e+007 195.492
4.00573e+007 195.391
1.92222e+007 195.488
3.82357e+007 194.987
2.44749e+007 194.866
2.4119e+007 194.817
2.62915e+014 194.981
2.80215e+007 194.815
2.17539e+007 194.918
1.7625e+007 195.03
1.659e+007 194.826
2.38115e+007 190.665
1.47099e+007 190.4
1.37312e+007 186.389
1.66491e+007 186.329
1.8861e+007 186.181
1.78708e+007 182.828
1.59078e+007 174.668
2.42733e+007 128.969
1.84059e+007 128.766
2.05699e+007 125.788
5.67661e+013 117.037
2.21384e+007 116.814
1.09216e+007 116.679
2.42752e+007 116.675
2.14913e+007 116.341
2.61235e+007 116.369
6.39109e+007 115.77
2.80966e+007 116.268
2.3771e+007 115.971
